k1=0.000001
k2=0.0000001
m=1.2
Ip=0.03

